080024600
000003940
001000030
340002000
000000000
607100000
000049105
729000800
000008000


004705030
700000102
002040000
100007080
008902470
007400650
000000006
903006000
080001790

000090200
000005908
900600170
030076000
046030790
000540030
069004001
108300000
003080000



000000610
004007009
053009007
000350970
000201000
098076000
700900520
100500700
025000000







000000000
983005000
020391700
009603240
040000300
007208510
090532100
531009000
000000000

000000000
008265400
070894030
009702100
500030008
004908600
040523010
002671300
000000000


060020013
100080200
000010000
080001400
704890102
010007000
900108005
001003006
400052001

123456780
000000000
000000000
056000000
089000000
000000000
000000000
000000000
000000000






007000001
000004002
000100070
020096000
050000630
009050420
908001000
000049000
600007054

060020013
000000200
000010000
080000400
704890000
010007000
900008005
001003006
400050001

00 01 02
10 11 12
20 21 22












560000027
040080010
190054000
000000002
210000000
000160008
900300070
000006009
070000056













027600900
900000080
003007250
000065400
090074100
060109000
870000040
000501026
200003001


500100040
040800005
197520003
085709012
734002008
210350600
400900020
051006400
006005080



















000300020
003250108
000800043
004090200
680102070
001760800
340915700
068400310
197000402















000400030
704800102
000230409
040509080
500000913
100080204
000000345
051940720
473050091










